my_data <- c(2,4,6,4)
